Cn 65.41 130.81 261.63 523.25
Cs 69.3 138.59 277.18 554.37
Df 69.3 138.59 277.18 554.37
Dn 73.42 146.83 293.66 587.33
Ds 77.78 155.56 311.13 622.25
Ef 77.78 155.56 311.13 622.25
En 82.41 164.81 329.63 659.25
Fn 87.31 174.61 349.23 698.46
Fs 92.50 185.0 369.99 739.99
Gf 92.50 185.0 369.99 739.99
Gn 98.0 196.0 392.0 783.99
Gs 103.83 207.65 415.3 830.61
Af 103.83 207.65 415.3 830.61
An 110.0 220.0 440.0 880.0
As 116.54 233.08 466.16 932.33
Bf 116.54 233.08 466.16 932.33
Bn 123.47 246.94 493.88 987.77