C 65.41 130.81 261.63 523.25 1046.50
Cs 69.3 138.59 277.18 554.37 1108.73
Df 69.3 138.59 277.18 554.37 1108.73
D 73.42 146.83 293.66 587.33 1174.66
Ds 77.78 155.56 311.13 622.25 1244.51
Ef 77.78 155.56 311.13 622.25 1244.51
E 82.41 164.81 329.63 659.25 1318.51
F 87.31 174.61 349.23 698.46 1396.91
Fs 92.50 185.0 369.99 739.99 1479.98
Gf 92.50 185.0 369.99 739.99 1479.98
G 49.0 98.0 196.0 392.0 783.99
Gs 51.91 103.83 207.65 415.3 830.61
Af 51.91 103.83 207.65 415.3 830.61
A 55.0 110.0 220.0 440.0 880.0
As 58.27 116.54 233.08 466.16 932.33
Bf 58.27 116.54 233.08 466.16 932.33
B 61.74 123.47 246.94 493.88 987.77